-6.532450914382934570e-01
7.503998875617980957e-01
-2.934858322143554688e+00
1.305330872535705566e+00
-6.880556344985961914e-01
-2.127298712730407715e-01
5.705060362815856934e-01
1.860952019691467285e+00
-1.850733458995819092e-01
1.016234040260314941e+00
2.248183339834213257e-01
-8.597508072853088379e-01
-6.881119012832641602e-01
-1.029798746109008789e+00
-4.060966968536376953e-01
7.888418436050415039e-01
-8.822063207626342773e-01
-6.494754552841186523e-01
-5.916700363159179688e-01
-2.585916519165039062e-01
9.584036469459533691e-01
3.060635179281234741e-02
1.125197038054466248e-01
4.507449865341186523e-01
5.070985555648803711e-01
2.386019527912139893e-01
1.317179948091506958e-01
1.174091622233390808e-01
1.794322580099105835e-01
-4.765896499156951904e-01
-1.149541378021240234e+00
-3.277763724327087402e-01
-7.142624855041503906e-01
-2.809768021106719971e-01
-8.734638243913650513e-02
-5.012181028723716736e-02
-8.493492007255554199e-02
-2.972505390644073486e-01
2.176939547061920166e-01
2.266268245875835419e-02
-1.434578895568847656e-01
-1.804137527942657471e-01
2.045522928237915039e-01
3.687235713005065918e-01
-4.378018975257873535e-01
-4.646117985248565674e-02
-3.136080205440521240e-01
-2.700574994087219238e-01
-2.273496836423873901e-01
-1.501145958900451660e-01
-9.914320707321166992e-02
1.147489622235298157e-01
-5.664670094847679138e-02
-2.731770873069763184e-01
9.402310848236083984e-02
2.289415299892425537e-01
2.457805424928665161e-01
-1.130728498101234436e-01
-8.416087366640567780e-03
-1.055745333433151245e-01
1.641187071800231934e-01
-2.251666039228439331e-01
-2.791667282581329346e-01
1.424115747213363647e-01
-4.944591224193572998e-02
2.419241666793823242e-01
1.429092735052108765e-01
-1.860124059021472931e-02
-8.735997974872589111e-02
3.169361054897308350e-01
1.226871162652969360e-01
2.051731497049331665e-01
-8.498688042163848877e-02
2.186429500579833984e-01
-7.540895789861679077e-02
7.669864594936370850e-02
1.898516565561294556e-01
-2.595014125108718872e-02
1.201380491256713867e-01
1.746720820665359497e-02
-2.450482547283172607e-01
-7.685090601444244385e-02
-9.145300835371017456e-02
1.297896653413772583e-01
4.487091675400733948e-02
-2.059174031019210815e-01
-8.389279991388320923e-02
1.075551584362983704e-01
-2.845626696944236755e-02
1.473691910505294800e-01
5.161433946341276169e-04
8.767795749008655548e-03
7.735686004161834717e-02
3.117167055606842041e-01
-5.948117468506097794e-04
-1.355527201667428017e-03
2.010188437998294830e-02
1.416729241609573364e-01
-3.743684664368629456e-02
-2.786040306091308594e-02
